THIS IS GOOD:
[ 116    2   10   22 5312    1    2    2    2    6   18    1   21]	0.13299370418567288

THESE MIGHT ACTUALLY WORK:
[  93    1   90   21 4311    2    6    7    6    2   10    1   16]	0.1940391184958504
[  93    2   16   40 4037    2    1    2    7    3   18    1   42]	0.29010321381449306
[  93    2   13   18 6086    7    2    2    3    2   11    1   34]	0.21776365003787146
[  75    2   76   36 4162    3    5    5    6    7    4    1   21]	0.22279497595434178
[ 111    1   19   35 2944    1    6    4    6    4   17    1   59]	0.13663911275073634
[  71    2   95    9 6348    7    6    6    4    2   19    2   27]	0.2960041803273409
DATA DRIVEN
[  64    1    5    9 4475    4    3    4    4    2   17    1   20]	0.216121843632672
[  61    1   91   42 2254    6    4    6    3    3   10    1   32]	0.2414244362384917
[  94    2   49   26 2275    1    4    4    4    2   16    2   28]	0.17520322231880409
[ 108    2   43    7 3691    1    6    3    1    3   14    2   17]	0.1940540904538488
[ 118    2   70   31 5859    7    5    6    4    3   15    1   18]	0.18035926732545096
[ 101    2   51   29 4530    2    5    2    4    3   13    1   19]	0.14318214435342552
[  63    1   84    7 2862    6    2    2    3    7   11    1   25]	0.19864069639724996
[ 110    1   93   16 4487    5    1    6    6    4   11    1   36]	0.18857630186120544
