[  67    3   66   27 1367    1    3    1    3    2    7    1   40]	0.07964894499067783
[  67    3   72   29 1431    1    4    2    3    3    7    1   37]  0.0747
[  65    3   78   33 1160    1    4    2    3    3    6    1   35]  0.07451
[  69    3   70   33 1437    1    4    2    3    3    6    1   40]  0.0967
[  69    3   64   27 1586    1    4    2    3    2    6    1   39]  0.09534
[ 110    4   62   24 3848    2    4    2    6    7    7    1   39]	0.10004671248682832
[ 108    3   55   22 2951    3    3    5    7    3    7    1   44]	0.11291823790131619
[ 112    4   61   27 3624    2    3    2    5    6    7    1   37]	0.16334061374830416
[ 112    4   69   24 4142    2    4    1    6    7    7    1   36]	0.14404766502275027
[ 110    4   62   20 3607    2    3    2    6    6    7    1   41]	0.095463742877333
[ 107    4   68   25 3368    2    3    2    5    7    6    1   34]	0.20969227761589496
[ 110    4   55   25 3860    2    4    1    5    7    6    1   35]	0.19437863800087757
[  68    4   48   36 1203    2    1    1    3    1    4    1   13]	0.09322783645893737
[ 112    4   53   22 2915    2    5    3    3    1    5    1   17]	0.15469479607284536
[ 102    4   63   30 3533    2    3    4    2    2    5    1   15]	0.14734710153084427
[ 108    2   45   24 5874    3    4    4    5    7    5    2   20]	0.22888834488406545
[  93    2   49   26 1951    2    6    3    5    6    4    2   17]	0.23397754224349465
[ 105    2   55   22 1813    3    5    3    4    5    5    1   35]	0.09727775251370477
[ 119    2   52   46 5937    2    7    7    3    4    6    1   28]	0.29154882068947874
[  63    4   85   47 3267    2    4    3    4    3    2    1   44]	0.18342808051297774
[ 102    2   59   17 2075    3    5    2    3    4    5    1   38]	0.0808467201427338
[ 104    2   55   19 1836    3    5    2    3    4    5    1   37]	0.07301299013482394
[ 107    2   54   23 2292    3    5    2    3    5    5    1   32]	0.08153099569114501
[ 106    2   50   23 1364    3    4    2    4    4    4    1   32]	0.08179297484319614
[ 103    2   52   26 1427    3    5    3    3    5    4    1   32]	0.15024892767621253
[ 106    2   49   19 1395    3    4    3    3    5    5    1   35]	0.08132888028430704
[ 105    2   55   19 1372    3    4    3    3    5    4    1   36]	0.09531339291698353
[ 102    2   49   22 1580    3    4    3    4    4    5    1   38]	0.0760157741870745
[  86    2   60   22 1754    2    5    3    2    2    3    2   29]	0.1286167437071422
[  40    2   53   42 4370    3    2    6    7    3    4    4   42]	0.25745732982052466
[  84    2   57   17 1309    2    5    3    2    2    2    2   33]	0.11023871269053602
[  88    2   65   26 1420    2    4    2    2    2    3    2   27]	0.15494345226810435
[  85    2   54   26 1529    2    4    2    1    2    3    2   25]	0.2257220907103881
[  83    2   55   17 1753    2    5    3    2    1    2    2   25]	0.09049558092712195
[  71    2   88   26 2239    1    5    7    3    4    3    2   12]	0.2931331610909488
[  69    2   83   26 2106    1    4    6    3    4    3    2   16]	0.27430458797620827
[  68    2   83   25 2193    1    5    6    3    4    2    2   13]	0.25135564130974414
[  92    3   48   29 1148    2    7    6    7    2    1    3   26]	0.1115587839762043
[ 109    3   77   28 3217    2    6    5    5    7    6    3   41]	0.18124272988464094
[  46    3   88   34 3892    1    3    4    3    7    5    3   14]	0.2713768198435514
[  81    2   42   29 1726    3    3    4    3    1    5    3   19]	0.11489207334477305
[  86    3   63   20 5810    2    4    7    5    3    1    2   44]	0.23491699060630353
[  80    2   38   28 1361    3    3    3    2    0    5    3   21]	0.28148031318931754
[  83    2   48   24 2069    3    2    4    3    1    4    3   17]	0.12112725135130771
[  78    2   38   29 1504    3    3    3    3    0    4    3   17]	0.12561858366985393
[  80    2   42   25 1752    3    2    4    3    0    5    3   16]	0.10262274527580567
[  82    2   46   28 1283    3    3    3    2    1    4    3   22]	0.20813637515264957
[  80    2   46   26 1734    3    2    3    2    0    4    3   19]	0.1589682502966584
[  96    3   91   34 1260    3    6    6    7    7    5    3   23]	0.12264902202275585
[ 102    2   49   26 1937    3    2    6    1    4    7    3   12]	0.13792043992836703
