[  60    2    7    8 1290    7    7    7    3    5   16    2   10]	0.14188355768699365
[  75    1   42    9 2541    3    3    6    3    2    2    1   30]	0.0980283748428502
[  62    3   69   27 1506    7    2    3    3    6    1    1   19]	0.11575197191957477
[ 105    4   47   49 8754    4    4    7    4    4   13    2   35]	0.26118567969106643
[  63    3   61   41 3078    5    5    2    2    6   19    2   13]	0.14738478679323241
[  73    1   42   11 2134    3    3    5    3    1    1    1   31]	0.17486701433176097
[  76    1   43    7 2750    3    2    5    3    2    1    1   32]	0.1338315035707534
[  77    1   45    8 2420    3    2    6    3    2    2    1   32]	0.1049718636335043
[  72    1   49   13 2580    3    2    5    3    2    2    1   28]	0.18583254010801692
[  74    1   46   11 2669    3    3    6    2    1    2    1   26]	0.2625205733865148
[  73    1   34    6 2875    3    2    6    2    1    1    1   33]	0.1646397615373784
[  76    1   46    5 2057    3    2    5    2    2    1    1   33]	0.13290657170504988
[  73    1   38    9 2388    3    2    6    2    1    1    1   30]	0.12016725045212312
[  75    1   34   13 2678    3    2    5    2    2    2    1   27]	0.13254872829719566
[  77    1   48   12 2199    3    3    6    3    2    1    1   28]	0.15128031008872247
[  72    1   39    9 2551    3    3    6    2    2    1    1   31]	0.19574446474520307
[  74    1   36   13 3039    3    2    5    3    1    2    1   27]	0.15403507897070973
[  74    1   42   13 2602    3    2    6    2    1    2    1   34]	0.09892692493636408
[  75    1   41    4 2303    3    2    5    3    2    1    1   31]	0.09190607142046824
[  73    1   38    7 2447    3    3    5    2    2    2    1   30]	0.07850938870405763
[  75    1   44    2 2102    3    3    4    2    2    2    1   34]	0.11370931683519075
[  75    1   31    5 1949    3    2    4    2    1    1    1   27]	0.08171827148629078
[  71    1   45    9 2298    3    2    5    2    1    1    1   26]	0.14040960016904705
[  74    1   34    5 2674    3    3    4    2    1    1    1   28]	0.11019633239858587
[  74    1   41    7 2196    3    2    5    1    1    2    1   25]	0.08563125244384281
[  72    1   42    6 2479    3    2    4    2    2    2    1   30]	0.09300575408876148
[  72    1   35    9 2722    3    3    4    2    2    2    1   28]	0.09832138567152551
[  74    1   37    5 2268    3    3    4    2    2    1    1   34]	0.08302212394099154
[  70    1   38    6 2860    3    3    5    1    2    1    1   29]	0.15639650076021708
[  72    1   42    3 2770    3    2    4    1    2    2    1   31]	0.08061261889220828
[  73    1   31   10 2220    3    2    5    1    1    2    1   28]	0.1260618573860126
[  74    1   41    9 2293    3    3    5    1    1    2    1   26]	0.13776864499010527
[  70    1   33   11 2022    3    3    4    1    1    2    1   33]	0.22708731136626517
[  75    1   36    8 2759    3    2    5    2    1    1    1   32]	0.13015396105852026
[  73    1   40    6 2625    3    2    5    1    2    2    1   28]	0.14377114815978176
[  69    2   15   50 1947    1    5    1    3    7   10    1   18]	0.12201352417207068
[  50    1   38    8 6937    1    4    7    2    6   12    1   52]	0.104460499675933
[  83    1   11   46 7329    3    6    3    2    5    5    1   38]	0.18339366036035804
[  50    1   45   11 7412    1    4    7    2    6   12    1   56]	0.16257314901985326
[  50    1   32    7 6962    1    4    7    2    6   12    1   47]	0.11889074063957815
[  47    1   35    3 6685    1    4    7    2    6   12    1   49]	0.10745968777357141
[  47    1   36    4 6845    1    4    7    2    6   12    1   54]	0.1612798247701905
[  45    1   37    6 6518    1    4    7    2    6   12    1   53]	0.11750249481587502
[  48    1   32    3 6685    1    4    7    2    6   12    1   45]	0.11947946238224902
[  49    1   35    5 6252    1    4    7    2    6   12    1   49]	0.10576829164537045
[  48    1   40    9 6634    1    4    7    2    6   12    1   53]	0.14833219435933342
[  47    1   31    9 6481    1    4    7    2    6   12    1   53]	0.08690116029387586
[  49    1   32    2 6159    1    4    7    2    6   12    1   51]	0.0779733297940037
[  49    1   36    2 6429    1    4    7    2    6   12    1   51]	0.07376360450824651
[  96    2   51   18 1093    2    5    6    5    3   10    1   34]	0.055824447120304294
[ 90   2  58  17 839   2   5   6   5   3  10   1  35]	0.059614534970144975
[  96    2   54   19 1263    2    5    6    5    3   10    1   29]	0.08256348879980442
[  91    2   54   17 1043    2    5    6    5    3   10    1   35]	0.08823249031731867
[ 88   2  55  21 986   2   5   6   5   3  10   1  37]	0.05525277667266727
[  90    2   53   20 1336    2    5    6    5    3   10    1   29]	0.06788845726632795
[  90    2   57   14 1337    2    5    6    5    3   10    1   36]	0.06060371961372239
[  96    2   56   14 1280    2    5    6    5    3   10    1   33]	0.06492548597331849
[  98    2   53   15 1122    2    5    6    5    3   10    1   29]	0.07629630771321586
[  83    2   60   22 1378    2    5    6    5    3   10    1   33]	0.08383500543424309
[ 83   2  62  24 585   2   5   6   5   3  10   1  34]	0.05876411338094187
[  85    2   59   19 1157    2    5    6    5    3   10    1   41]	0.05962942580529834
[  87    2   58   22 1114    2    5    6    5    3   10    1   34]	0.06464378716840455
[ 88   2  56  22 545   2   5   6   5   3  10   1  41]	0.058757552771966114
[  89    2   59   21 1156    2    5    6    5    3   10    1   39]	0.06339904867344584
[ 90   2  59  25 863   2   5   6   5   3  10   1  38]	0.05829234485525323
[  82    2   61   24 1253    2    5    6    5    3   10    1   32]	0.06343589598202286
[ 82   2  63  26 647   2   5   6   5   3  10   1  41]	0.06228980464143938
[ 90   2  62  29 806   2   5   6   5   3  10   1  40]	0.061134256080659796
[ 85   2  63  22 674   2   5   6   5   3  10   1  37]	0.07140110535171691
[  82    2   59   25 1257    2    5    6    5    3   10    1   42]	0.07454127508045162
[ 86   2  60  28 393   2   5   6   5   3  10   1  41]	0.04917985830056972
[ 88   2  62  27 916   2   5   6   5   3  10   1  34]	0.06526341615480057
[ 91   2  65  24 506   2   5   6   5   3  10   1  36]	0.07139441478482321
[  87    2   66   29 1342    2    5    6    5    3   10    1   42]	0.057516325327576986
[ 78   2  67  24 666   2   5   6   5   3  10   1  37]	0.12703615700616147
[ 78   2  64  26 151   2   5   6   5   3  10   1  36]	0.1089040123501453
[ 84   2  62  26 577   2   5   6   5   3  10   1  42]	0.08604205424333991
[86, 2, 60, 28, 393, 2, 5, 6, 5, 3, 10, 1, 41]	0.058199412868160695
[86, 2, 60, 28, 393, 2, 5, 6, 5, 3, 10, 1, 41]	0.05147675414860586
